#!/usr/bin/python3

import re
import itertools
import doctest


exdoc = """3,4,3,1,2"""

doc = """4,1,3,2,4,3,1,4,4,1,1,1,5,2,4,4,2,1,2,3,4,1,2,4,3,4,5,1,1,3,1,2,1,4,1,1,3,4,1,2,5,1,4,2,2,1,1,1,3,1,5,3,1,2,1,1,1,1,4,1,1,1,2,2,1,3,1,3,1,3,4,5,1,2,2,1,1,1,4,1,5,1,3,1,3,4,1,3,2,3,4,4,4,3,4,5,1,3,1,3,5,1,1,1,1,1,2,4,1,2,1,1,1,5,1,1,2,1,3,1,4,2,3,4,4,3,1,1,3,5,3,1,1,5,2,4,1,1,3,5,1,4,3,1,1,4,2,1,1,1,1,1,1,3,1,1,1,1,1,4,5,1,2,5,3,1,1,3,1,1,1,1,5,1,2,5,1,1,1,1,1,1,3,5,1,3,2,1,1,1,1,1,1,1,4,5,1,1,3,1,5,1,1,1,1,3,3,1,1,1,4,4,1,1,4,1,2,1,4,4,1,1,3,4,3,5,4,1,1,4,1,3,1,1,5,5,1,2,1,2,1,2,3,1,1,3,1,1,2,1,1,3,4,3,1,1,3,3,5,1,2,1,4,1,1,2,1,3,1,1,1,1,1,1,1,4,5,5,1,1,1,4,1,1,1,2,1,2,1,3,1,3,1,1,1,1,1,1,1,5"""

def model(state, after_days=80):
    """
    >>> model(exdoc, 18)
    [6, 0, 6, 4, 5, 6, 0, 1, 1, 2, 6, 0, 1, 1, 1, 2, 2, 3, 3, 4, 6, 7, 8, 8, 8, 8]
    >>> len(model(exdoc, 18))
    26
    >>> len(model(exdoc))
    5934
    """
    state = list(map(int, state.split(",")))
    for day in range(after_days):
        state = [n-1 if n > 0 else 6 for n in state] + [8 for i in range(state.count(0))]
    return state

import doctest
doctest.testmod(optionflags=doctest.REPORT_UDIFF|doctest.NORMALIZE_WHITESPACE|doctest.ELLIPSIS)

print(len(model(doc)))
